6.50630255e+01  -7.94520519e+01
1.78450926e+00   9.14745096e+01
6.17233975e+00  -9.90394390e+01
5.32164680e+01   4.95466620e+01
-4.47374545e+01  -7.88878185e+01
-6.51004962e+01  -5.34892433e+01
6.33953988e+01  -4.92500144e+01
8.08986433e+01  -6.07675199e+00
9.71719543e+01   6.97599961e+01
-2.78831185e+01   2.11852674e+01
7.87304910e+01  -8.36889482e+01
3.20870170e+01   6.77572494e+01
-7.23227755e+01   3.05599324e+01
-8.88204648e+01  -9.56997761e+01
-8.86782647e+01   7.76702182e+01
-8.95931232e+01  -7.20660818e+01
4.11644034e+01  -9.93795059e+01
7.88033983e+01   9.43415147e+01
7.27238592e+01   4.81971160e+01
-4.20644208e+01  -6.70893267e+01
6.16340694e+01  -7.93983618e+01
4.40811983e+01   6.94544705e+01
5.63201141e+01  -6.12016649e+01
3.04312203e+01  -7.93732656e+01
-6.69603404e+01   2.06534347e+01
-9.12184257e+01  -1.27245000e+01
2.11869551e+01  -5.29323449e+01
6.92932260e+01   7.92152911e+01
4.04602649e+01   2.26376503e+00
-2.81176447e+01   5.39091401e+01
3.50704640e+01  -9.20993940e+01
-5.09891835e+01   6.46101770e+01
7.27502146e+01   1.59814007e+01
-5.83030614e+01   2.11526544e+00
6.41524996e+01   1.21522750e+01
-1.84252936e+01  -8.68070870e+01
-3.13890423e+01   3.60133218e+01
-1.85921429e+01  -3.41093868e+01
-1.19420225e+01   9.14700676e+00
-9.22924181e+01  -9.74341297e+01
-2.15953455e+01   6.83076114e+01
-2.69895162e+01   2.31328825e+01
-5.27956254e+01  -9.92266691e+01
8.18796182e+01   7.18343417e+01
7.74828694e+01   1.06075892e+00
8.14918347e+01   2.65868962e+01
-3.95661360e+01  -2.49420201e+01
-1.45845817e+01   7.22837743e+01
9.89484366e+01  -1.34472385e+01
-4.63331657e+01  -7.81127686e+01
-3.37057483e+01  -7.71710129e+01
1.82369935e+01  -1.70296730e+01
9.34438766e+00  -5.52495911e+01
-4.11935056e+01   1.63717760e+01
4.11141026e+01   4.05574879e+01
-8.58711784e+01  -5.66282437e+01
9.08011873e+01   3.15635474e+00
-2.11099989e+01  -7.81839588e+01
9.01935079e+01   4.18798847e+01
8.31024037e+01   6.47215646e+01
2.84705207e+01  -2.19199901e+01
-8.04669312e+00   5.93247220e+01
-6.04027151e+01   5.57259411e+01
-5.56373758e+00   3.51679981e+00
7.63548066e+01   1.62347042e+01
-7.04266416e+01  -4.83608534e+00
-8.64854677e+01  -5.30707046e+01
-6.05764840e+01  -2.78466017e+01
-5.04770500e+01   2.11297828e+01
9.63808872e+01   4.32827384e+01
5.43750261e+01  -6.32382794e+01
-6.51311973e+01   3.27429990e+01
2.58337958e+00  -8.05996680e+01
-6.42583999e+01   8.64641301e+01
-9.89280891e+00  -4.72164799e+00
2.96273193e+01   6.02258392e+00
4.08491145e+01  -3.96686800e+01
6.97531293e+01  -7.70624236e+01
-6.36032071e+01   9.56107469e+01
-6.58291759e+01  -2.47277567e+00
3.28657736e+01  -2.96267612e+01
-5.97403456e+01  -1.55666052e+01
4.70638842e+01   4.53209451e+01
1.61276828e+00   5.87172266e+01
9.86252736e+01   8.06448159e+01
4.40112489e+01  -6.77476689e+01
-8.28058614e+01   3.05793885e+01
8.76637273e+01  -3.02958868e+01
-4.16155532e+01  -3.75019436e+01
3.66151747e+00   9.95009497e+01
8.12017323e+01   1.34813052e+01
-2.53288114e+01   8.48712722e+01
1.92730004e+01   5.14042131e+01
5.56372147e+01  -7.79614687e+01
6.90459275e+01  -8.96381510e+01
-4.97396504e+01  -8.29675511e+01
-9.08425027e+01  -2.44382466e+01
9.16545155e+01  -5.80828246e+01
7.34076986e+01   1.96149303e+01
4.47198198e+01  -2.66015997e+01
-5.25894909e+01   7.94450437e+01
2.92673891e+01  -8.86138165e+01
9.01580829e+01  -3.39661608e+01
5.76924421e+01   6.15743664e+01
6.38850126e+01   7.56736736e+01
-8.07950783e+01  -8.54469293e+01
-9.51110976e+01   4.23886382e+01
4.54719955e+01  -8.13148610e+01
-6.42895785e+01  -4.94226066e+01
-3.90551537e+01   1.47224961e+01
9.94466592e+01  -4.63141391e+01
2.53082590e+01   6.14417152e+01
-2.17235458e+01   1.38980270e+01
2.31454610e+01  -2.61569163e+01
7.41404704e+01  -4.34755121e+01
4.96123938e+01   8.28666741e+01
-7.76411627e+01  -6.74326142e+01
6.40334178e+00  -8.19876517e+01
-5.62676795e+01   2.29281387e+01
4.17618037e+01   1.90088605e+01
-1.88917533e+01   1.53847039e+01
2.94500015e+00   9.15504203e+01
-4.62577005e+01  -5.09392266e+01
-2.31210200e+01  -2.67654766e+01
-8.24598837e+01   2.59123038e+01
-6.52634133e+01   2.42454336e+01
1.52183763e+01  -7.82778922e+01
-7.43709461e+01  -3.02779669e+01
-4.65368168e+01   2.28097558e+01
6.09343739e+01   2.49965523e+00
-9.48022391e+01  -2.13233081e+01
9.18527269e-01   7.62497054e+01
8.68525878e+01   9.68016022e+01
2.81821753e+01  -5.04797173e+00
7.29579666e+01   8.18106577e+01
8.68553113e+01  -7.28060323e+01
-7.61235705e+01   6.71452616e+01
1.00909490e+01  -9.26628158e+01
-3.13794629e+01  -5.28167057e+00
1.14066210e+01   7.78760060e+01
-8.51627963e+01   8.01762537e+01
1.67888831e+01  -9.30309877e+00
-8.99833423e+01  -4.63998913e+01
1.34182309e+01   9.18097316e+01
7.53737519e+01  -7.53952539e-01
1.72174798e+01  -3.85185191e+01
-8.64208563e+01   5.30702303e+01
-6.27438388e+01  -4.57384399e+00
9.11931687e+00  -5.33659964e+01
-1.91893857e+01  -3.60328955e+01
-2.31480304e+01  -8.14735738e+01
9.08693538e+01  -2.72269829e+01
-1.81752754e+01  -2.90513698e+00
-8.68530363e+01  -3.81641603e+01
-7.71306411e+01   7.07417538e+01
9.91727949e+01   4.78150211e+01
-5.81316151e+01  -7.45579681e+01
-1.84883377e+01   5.13051269e+01
-9.99810805e+01   4.60277665e+01
5.49034009e+01  -5.47995214e+01
-8.17276394e+01  -4.51457111e+01
1.12104873e+01   7.50368360e+01
1.04169542e+01   5.43339557e+01
-6.47719920e+01  -2.04031645e+01
6.58360367e+01   5.70596157e+01
4.29852976e+01  -4.82263344e+01
-1.63276158e+01  -1.04488596e+01
3.57143720e+01  -7.60134344e+01
3.13171794e+01   3.12080175e+01
1.08552495e+01  -4.11552566e+01
3.73698623e+01  -8.68740992e+01
-2.35915293e+01  -8.83870074e+01
4.19230369e+01   8.75228420e+01
-3.01393496e+01   6.37793241e+01
-1.29612703e+01  -4.57914144e+01
2.97652469e+01   8.23919265e+01
7.63445850e+01  -6.35014771e+00
2.37076355e+01  -1.74552403e+01
-4.58567150e+01  -2.03645288e+01
3.37324827e+01  -8.39500109e+01
5.87071338e+01  -1.13322628e+01
1.03173662e+01  -7.08422827e+01
5.51062793e+00   7.63430211e+01
-3.50632961e+00  -4.14891290e+01
7.01109942e+01   5.24431457e+01
-7.11760358e+01  -4.70578649e+01
-9.81873097e+01   2.47836894e+01
-5.90365562e+01  -4.28061919e+01
-2.68460443e+01  -6.98769926e+01
-1.06601901e+01   6.48375619e+01
1.57180732e+01  -6.12530804e+01
-6.89752255e+01   3.75680096e+01
1.93614536e+00  -2.07670471e+01
9.65443162e+01  -7.96223453e+01
2.63617313e+01   6.68228816e+00
-1.16290703e+01  -1.22227244e+00
8.02696989e+01   6.35175628e+01
-3.97532927e+01   5.31360270e+01
-4.19112675e+00   1.02555335e+01
-2.05192185e+01   4.98847193e+01
-4.54804409e+01   3.45499390e+01
-1.28029548e+01   1.85011708e+01
2.40390049e+00  -3.58206258e+01
-4.19695200e+01   2.35113472e+01
6.28705515e+01  -5.80435667e+01
4.15250285e+01   6.61750748e+01
5.53390234e+01   4.11390948e+01
-5.13793235e+01   4.13026345e+01
3.25810306e+01   3.27977475e+01
-3.10636908e+01  -9.20332792e+01
-1.36404192e+01  -3.95709159e+01
-6.87914076e+01   6.94262354e+01
6.08693768e+00   2.98165122e+01
2.13485756e+01   6.97166943e+00
-6.09328298e+01  -7.33185779e+01
7.64947265e+01  -8.93420708e+01
-4.42239393e+00  -5.96655961e+00
-4.62266115e+01  -5.44315649e+01
3.72397677e+01   8.81233941e+01
1.01184794e+01   7.99870280e+00
5.75353760e+01   9.80208146e+01
-9.59764112e+01  -9.47701126e+00
4.36004922e+01  -2.47227284e+01
6.94048022e+00  -9.76585808e+01
5.31557988e+01  -9.16023220e+01
1.31529058e+01   6.57134560e+01
4.69346919e+01  -1.90498552e+01
-4.69686465e+01  -9.31480293e+01
1.93843526e+01  -3.34176677e+00
-2.42379470e+01   6.31106598e+01
-5.10401527e+01   7.08750234e+01
-5.64370174e+01  -3.44462735e+01
6.63356181e+01  -2.44952588e+00
-1.70196662e+01   1.45029281e+01
3.68066077e+01   7.53959857e+01
7.39138079e+01  -5.35546316e+01
-5.49293927e+01   6.99671126e+00
9.68336318e+01   7.92892761e+01
4.63849753e+01   2.78388487e+01
-7.42877345e+01  -7.42651418e+01
-4.61410704e+00   4.03226704e+01
-5.10127286e+01   2.67558774e+00
9.59893617e+01  -7.64218197e+01
-3.05857470e+01   5.42953369e+01
-1.30444131e+01  -9.01826383e+01
6.50690373e+01   7.66680692e+01
9.18803685e+01  -5.73570251e+01
8.03008391e+01  -1.54099085e+01
-8.11471704e+01  -7.81954779e+01
-8.60148349e+01   8.22149428e+01
-2.37590666e+01   5.49363569e+01
1.99989280e+01  -7.55400385e+01
-3.59046514e+01   4.24997535e+01
-1.69675923e+01   1.91860190e+01
-3.03824601e+01  -1.83564298e+01
-8.12938326e-01   8.43620799e+01
9.91353069e+01  -2.48717518e+01
-3.16226545e+01  -6.49163048e+01
3.01644303e+01   2.32439326e+01
5.59905974e+01   5.85979701e+01
-3.00273893e+00   9.00991587e+01
-5.19644618e+01  -6.57604539e+01
6.54557699e+01  -6.10569451e+00
-2.66642768e+01  -7.90245955e+01
6.95479502e+01   7.40062671e+01
-6.02984871e+01   8.54876254e+01
-3.91995559e+01   8.69810089e+01
-9.44905267e+01   7.63758788e+01
-3.32775971e+01   1.13067932e+01
-4.88783091e+01   7.53085113e+01
-4.19454669e+01  -8.22648024e+01
-4.56794782e+01  -6.16625486e+01
-6.29935668e+01   8.70129110e+01
2.30359703e+00   8.62315200e+00
8.90872237e+01  -4.28166017e+01
9.58456603e+01  -1.67481207e+01
3.35622701e+01   3.34586987e+01
3.57790736e+01   5.55325693e+01
9.30249989e+01   7.48891126e+00
7.34639136e+01   6.23817793e+01
5.93268738e+01  -9.18912330e+00
7.63185286e+01   7.32714675e+01
9.84908528e+01  -9.75461473e+01
-6.24120079e+01   4.38618621e+01
-9.23984318e+01   6.06203092e+00
-7.68187559e+01  -5.90445971e+01
3.32811422e+01  -1.64527123e+01
-5.95510086e+00  -5.67655702e+01
-6.65253712e+01   8.41146512e+01
-9.59766671e+01  -5.43841609e+01
-5.44032588e+01  -2.44780795e+01
7.77444618e+00  -8.42122371e+01
-4.62632905e+01   2.03165278e+01
3.71099257e+01  -3.57751310e+01
8.93127193e+01   5.34961051e+01
-7.55716990e+01   8.75068253e+01
-2.41855328e+01  -5.38646879e+01
3.35799540e+01   6.99859133e+01
-7.68915861e+01   3.82045693e+01
-8.67844053e+01  -6.81153040e+01
-7.24178774e+01  -4.22285137e+01
3.32914091e+01  -2.46474653e+00
-5.42288449e+01   8.72040466e+01
5.92271815e+01  -8.23251857e+00
4.54608320e+01  -5.94368589e+01
-1.18182163e+01   7.15310715e+01
8.57146427e+01   4.74038908e+01
1.65144888e+01  -2.53650131e+01
-1.77462310e+01  -2.85892322e+01
2.80292749e+01   5.93001085e+01
-9.40584634e+01   7.36992761e+00
9.84475788e+01  -5.37892464e+01
-8.09366776e+01   2.36421152e+01
1.68745048e+01   9.65734720e+01
-8.07919167e+01   8.84862493e+01
-5.18224483e+01   2.98414220e+01
-1.95836269e+01  -3.08612984e+01
3.17437693e+01  -9.13917348e+01
2.16853059e+01   9.13081605e+01
9.02514328e+01   7.08966406e+01
-8.53204072e+01  -6.19749049e+01
-7.25989192e+01   5.31173498e+01
1.34203616e+01  -6.69470914e+01
9.58931362e+01   5.46195238e+01
5.48597163e+01   7.65414025e+01
-8.35823610e+01   9.95909254e+01
3.32364564e+01   5.28583240e+01
-3.07981924e+01   9.23706315e+01
-3.94005986e+01   9.28491097e+01
2.32229369e+01   3.40658168e+01
5.35813516e+01  -1.07766729e+01
-1.73657169e+01  -7.77922366e+01
1.49490288e+01   5.64824132e+01
4.62726787e+01   6.33301377e+01
2.51594497e+01  -9.72996829e+01
5.72927461e+00   5.38643450e+01
3.31438672e+01  -3.44207486e+01
-6.14131925e+01  -1.16095166e+01
5.22078986e+01   7.61815717e-01
8.68722163e+00   8.81800439e+01
-7.72305492e+01   7.88937841e+00
2.66558184e+01  -6.50800960e+01
8.83007085e+01   7.15351514e+01
7.91277224e+01   8.70022054e+00
-4.57594153e+01   6.80398456e+01
-8.11852739e+01  -5.76143991e+01
7.50241871e+01   7.01174718e+01
6.48928784e+01   5.58795811e+01
7.52720660e+01  -1.46321061e+01
-2.59814615e+01   6.34558741e+01
-7.20228091e+01   7.54291486e+01
2.53138872e+00   2.25076917e+01
-7.14569043e+01   7.73554852e+01
8.21593923e+01  -7.51479350e-02
9.20638977e+01  -9.78615027e+01
7.00785726e+01  -7.14851010e+01
5.70755409e+01  -2.76100402e+01
2.32315608e+01  -8.59719835e+01
4.91642795e+01   8.22717240e+00
3.42222275e+00   5.61022925e+01
7.51321592e+01  -5.03054840e+01
2.40481854e+01  -3.84660597e+01
-7.06204264e+01  -6.65150717e+01
4.78716838e+01  -7.36354903e+01
-4.19951024e+01  -4.67759168e+01
-7.47371448e+01   8.46915474e+01
4.32333962e+01  -5.37918797e+01
-3.42309023e+01  -2.82837226e+01
-6.92514225e+01   8.42865197e+01
6.49884885e+01   9.21946505e+01
7.48297540e+01  -8.45768508e+01
4.96123199e+01   9.08319954e+01
5.83521247e+01  -7.70057172e+01
1.97306957e+01   7.97269773e+01
3.07425420e+01   7.26578222e+00
-1.95998301e+01   2.68521712e+01
2.80771443e+01  -4.85457074e+01
-9.56163398e+01   7.05411286e+01
7.87977209e+01   6.94926049e+01
7.79192386e+01   7.79993784e+01
-9.83238936e+01   6.50944476e+01
2.42352966e+00  -5.89686572e+01
-1.33683819e+01  -8.62345940e+01
3.89223104e+01   2.28679310e+01
-8.57844584e+01  -6.68479877e+01
4.96891238e+01   4.56204631e+00
9.17274798e+01  -4.61763117e+01
-9.22681071e+01  -8.11218780e+01
-9.08520850e+01  -6.97541315e+01
7.02371909e+01  -7.86866187e+01
3.54915359e+01   5.89234161e+00
-8.74955156e+01   4.98777655e+01
6.10017366e+01  -2.72648700e+01
3.66273526e+01  -3.61504458e+01
5.52123833e+01  -3.03287216e+01
7.60362061e+01   6.66970641e+00
-5.07555198e+01  -8.61971546e+01
8.09584181e+01   2.74770791e+00
5.19500087e+01  -1.07178460e+01
2.32147436e+01  -6.95291537e+01
-3.91798832e+01   8.49975135e+01
4.33036346e+01   4.62227215e+01
-4.11783826e+01  -1.04084920e+01
-4.18036582e+01  -3.16086022e+01
8.34493482e+01  -2.13457043e+01
-1.48424231e+01  -1.21688384e+01
3.48993531e+01   5.71700168e+01
-1.65857592e+01   3.53623698e+01
-4.62541000e+01  -1.95926492e+01
-2.18154658e+01  -5.54758304e+01
-7.67537847e+01   1.42191564e+01
7.65037308e+01   6.62637930e+01
-1.12546141e+01   4.10907375e+01
7.49453060e+01   2.16010695e+01
9.15294068e+01  -9.64540795e+01
1.97876403e+01   9.25178537e+01
9.92239614e+01  -4.95399207e+00
-5.28224009e+01   3.26840915e+01
-6.46445792e+01   7.17554935e+01
7.81803353e+01   7.96649729e+01
1.20599800e+01   2.50295803e+01
3.20376415e+01  -8.98788040e+01
6.97752660e+01   1.37472598e+01
-4.69151036e+01   1.24753932e+01
5.07633796e+01  -4.64332900e+00
5.47389202e+01  -2.45400366e+01
3.38909407e+01  -9.30146395e+01
-5.00549708e+01  -2.34316606e+01
4.65921402e+01   3.93146778e+01
1.64779256e+01  -2.90928655e+01
-2.77724232e+01  -6.23036517e+01
-9.57467717e+01   3.06883169e+01
6.28464534e+01  -3.76344472e+01
6.63047377e+01  -5.69928381e+00
5.34347956e+00   3.82166024e+01
5.62489509e+01   8.19520960e+00
-6.24718240e+01  -6.26902111e+01
-5.88586916e+01   3.55676544e+01
7.74237565e+01  -3.14813066e+01
-9.88922712e+01   2.03210184e+01
2.88240818e+01   8.52219988e+01
4.46343263e+01  -4.83186150e+01
7.80224492e+00  -8.73642159e+01
-1.94796608e+01  -3.10025076e+01
-7.47991994e+01   2.70662013e+01
-1.01496215e+01  -6.69253562e+01
-7.15448344e+01   3.38135987e+01
-5.71988616e+01  -9.63014854e+01
-7.91598370e+00   5.28852405e+01
6.00891592e+01   8.28435201e+01
2.87243465e+01   7.41811825e+01
4.97271575e+00  -6.38210319e+00
-8.92597496e+01  -1.07200378e+01
-7.17839128e+00  -1.67882092e+01
-2.99218828e+01  -7.59741343e+01
-3.76820275e+01  -1.23516120e+01
-3.90383485e+01  -2.54301114e+01
1.78235177e+01  -3.51123777e+01
8.63518812e+01  -3.96477157e+01
7.60278573e+01   1.59664314e+00
1.29031797e+01   9.63402206e+01
-2.00908883e+01  -1.36079128e+01
-7.22061187e+01  -2.05280201e+01
4.76813446e+01  -7.83033771e+01
6.76653520e+01   4.42789870e+01
-3.49816973e+01   2.02654641e+01
-8.06838606e+01  -1.61385407e+01
5.84641343e+01   3.59318728e+01
-9.47005862e+00   5.11587906e+01
9.02924511e+01  -5.58504939e+01
8.63253961e+01  -7.76432091e+01
-6.07181072e+01  -5.45191044e+00
2.56561893e+01  -3.93989258e+01
-3.58690992e+00  -3.57249367e+01
2.74141924e+00  -2.74833540e+01
-6.77949844e+01  -5.62095369e+01
-1.86825685e+01   6.76797971e+01
-8.93085809e+01  -6.26948391e+01
9.62084590e+01  -6.63436290e+01
5.53451925e+00  -8.84792431e+01
-1.71321011e+01  -2.43869018e+01
-5.91143300e+00   2.51136878e+01
-3.96152066e+01  -9.00004040e+01
3.95883827e+01  -7.21334834e+01
-6.68354129e+01   1.11421141e+01
9.96086214e+01   6.38562357e+00
-6.76320700e+01   7.02474719e+00
6.70781209e+01   5.06012710e+01
2.30312199e+01  -8.81982138e+01
9.26955786e+01   3.06309332e+01
7.19415642e+01  -4.67461571e+01
1.43278459e+01  -6.26804892e+01
-1.00760447e+01  -3.21567796e+01
-5.24676820e+01   9.84060787e+01
-3.60144068e+01  -5.20650095e+01
-9.97678923e+01  -2.84817709e+01
-1.14182373e+00  -7.34888091e+01
4.77701811e+01  -8.38162256e+01
-1.64962081e+01   9.28423002e+01
6.37382195e+01   6.33166984e+01